 i |  x_i, м   |    a_i  |    b_i   |     c_i     |      d_i
 0 |      0.00 |  1269.4 |  0.283699 |  0.000e+00 | -5.855e-06
 1 |    123.85 |  1293.4 |  0.014280 | -2.175e-03 |  2.250e-05
 2 |    213.45 |  1293.4 |  0.166350 |  3.873e-03 | -2.506e-05
 3 |    323.50 |  1325.2 |  0.108349 | -4.400e-03 |  2.470e-05
 4 |    418.87 |  1317.0 | -0.056853 |  2.667e-03 | -1.432e-05
 5 |    517.41 |  1323.6 |  0.051793 | -1.565e-03 |  1.178e-05
 6 |    587.78 |  1323.6 |  0.006539 |  9.218e-04 | -1.557e-06
 7 |    771.72 |  1346.3 |  0.187618 |  6.260e-05 | -3.253e-07
 8 |    932.77 |  1376.8 |  0.182475 | -9.454e-05 |  9.037e-07
 9 |   1118.27 |  1413.1 |  0.240688 |  4.084e-04 | -1.057e-06
10 |   1370.81 |  1482.9 |  0.244653 | -3.927e-04 |  2.192e-07
11 |   1610.05 |  1522.0 |  0.094409 | -2.354e-04 |  1.744e-06
12 |   1821.16 |  1547.8 |  0.228198 |  8.691e-04 |  1.990e-06
13 |   1997.39 |  1625.9 |  0.719973 |  1.921e-03 | -1.058e-05
14 |   2149.88 |  1742.9 |  0.567995 | -2.918e-03 |  6.543e-06
15 |   2320.63 |  1787.4 |  0.143748 |  4.336e-04 | -1.045e-06
16 |   2508.86 |  1822.8 |  0.195898 | -1.565e-04 |  3.210e-06
17 |   2713.03 |  1883.6 |  0.533384 |  1.809e-03 | -1.128e-05
18 |   2904.98 |  1972.9 | -0.019248 | -4.689e-03 |  4.196e-05
19 |   3020.67 |  1972.9 |  0.580944 |  9.876e-03 | -6.765e-05
